    1    0  2   -0.163  0.999257
    2    0  2   -0.233  0.999222
    3    0  2   -0.147  0.999095
    4    0  2   -0.127  0.999082
    5    0  2   -0.167  0.999165
    6    0  2   -0.154  0.999117
    7    0  2   -0.187  0.999203
    8    0  2   -0.139  0.998971
    9    0  2   -0.093  0.998921
   10    0  2   -0.163  0.999014
   11    0  2   -0.132  0.999091
   12    0  2   -0.101  0.998946
   13    0  2   -0.199  0.999084
   14    0  2   -0.144  0.999005
   15    0  2   -0.155  0.999083
   16    0  2   -0.156  0.999130
   17    0  2   -0.160  0.999089
   18    0  2   -0.182  0.999028
   19    0  2   -0.127  0.999058
   20    0  2   -0.052  0.998831
   21    0  2   -0.172  0.999011
   22    0  2   -0.117  0.998910
   23    0  2   -0.172  0.998959
   24    0  2   -0.170  0.998921
   25    0  2   -0.196  0.999019
   26    0  2   -0.212  0.999122
   27    0  2   -0.136  0.998969
   28    0  2   -0.108  0.998917
   29    0  2   -0.139  0.999004
   30    0  2   -0.177  0.999036
   31    0  2   -0.178  0.998949
   32    0  2   -0.148  0.998929
   33    0  2   -0.194  0.998960
   34    0  2   -0.158  0.999007
   35    0  2   -0.154  0.998898
   36    0  2   -0.145  0.998883
   37    0  2   -0.107  0.998789
   38    0  2   -0.224  0.998920
   39    0  2   -0.115  0.998772
   40    0  2   -0.136  0.998777
   41    0  2   -0.186  0.998953
   42    0  2   -0.142  0.998820
   43    0  2   -0.136  0.998772
   44    0  2   -0.215  0.998998
   45    0  2   -0.184  0.998945
   46    0  2   -0.172  0.998845
   47    0  2   -0.137  0.998939
   48    0  2   -0.205  0.998944
   49    0  2   -0.105  0.998765
   50    0  2   -0.232  0.999039
   51    0  2   -0.129  0.998760
   52    0  2   -0.185  0.998866
   53    0  2   -0.152  0.998832
   54    0  2   -0.167  0.998917
   55    0  2   -0.155  0.998879
   56    0  2   -0.131  0.998863
   57    0  2   -0.188  0.998944
   58    0  2   -0.133  0.998847
   59    0  2   -0.082  0.998802
   60    0  2   -0.122  0.998907
   61    0  2   -0.212  0.999080
   62    0  2   -0.188  0.999087
   63    0  2   -0.163  0.999017
   64    0  2   -0.149  0.999052
   65    0  2   -0.129  0.998987
   66    0  2   -0.183  0.999067
   67    0  2   -0.172  0.999130
   68    0  2   -0.161  0.999047
   69    0  2   -0.145  0.998979
   70    0  2   -0.135  0.998981
   71    0  2   -0.158  0.998964
   72    0  2   -0.061  0.998893
   73    0  2   -0.126  0.998978
   74    0  2   -0.170  0.999110
   75    0  2   -0.198  0.999169
   76    0  2   -0.179  0.999142
   77    0  2   -0.129  0.999095
   78    0  2   -0.127  0.999025
   79    0  2   -0.162  0.999117
   80    0  2   -0.116  0.999079
   81    0  2   -0.106  0.999024
   82    0  2   -0.112  0.999082
   83    0  2   -0.151  0.999160
   84    0  2   -0.203  0.999180
   85    0  2   -0.159  0.999122
   86    0  2   -0.126  0.999116
   87    0  2   -0.151  0.999174
   88    0  2   -0.148  0.999296
   89    0  2   -0.074  0.999044
   90    0  2   -0.147  0.999243
   91    0  2   -0.124  0.999178
   92    0  2   -0.103  0.999177
   93    0  2   -0.160  0.999220
    1    1  2    0.237  0.999115
    2    1  2    0.428  0.998820
    3    1  2    0.307  0.998778
    4    1  2    0.201  0.999125
    5    1  2    0.303  0.998921
    6    1  2    0.240  0.998927
    7    1  2    0.118  0.999315
    8    1  2    0.054  0.999214
    9    1  2    0.259  0.998824
   10    1  2    0.118  0.999067
   11    1  2    0.246  0.998939
   12    1  2    0.143  0.999109
   13    1  2    0.164  0.998970
   14    1  2    0.245  0.998823
   15    1  2    0.219  0.999063
   16    1  2    0.278  0.998912
   17    1  2    0.188  0.999027
   18    1  2    0.264  0.998888
   19    1  2    0.206  0.999021
   20    1  2    0.204  0.999184
   21    1  2    0.196  0.998966
   22    1  2    0.141  0.998965
   23    1  2    0.165  0.999071
   24    1  2    0.217  0.998923
   25    1  2    0.228  0.999008
   26    1  2    0.148  0.999055
   27    1  2    0.243  0.998848
   28    1  2    0.254  0.998890
   29    1  2    0.168  0.998981
   30    1  2    0.199  0.998848
   31    1  2    0.202  0.998871
   32    1  2    0.161  0.998907
   33    1  2    0.205  0.998811
   34    1  2    0.103  0.999006
   35    1  2    0.202  0.998852
   36    1  2    0.326  0.998730
   37    1  2    0.208  0.998867
   38    1  2    0.257  0.998835
   39    1  2    0.310  0.998761
   40    1  2    0.236  0.998859
   41    1  2    0.280  0.998908
   42    1  2    0.194  0.998943
   43    1  2    0.160  0.999125
   44    1  2    0.186  0.999014
   45    1  2    0.232  0.998827
   46    1  2    0.163  0.999021
   47    1  2    0.215  0.998991
   48    1  2    0.178  0.998939
   49    1  2    0.268  0.998797
   50    1  2    0.129  0.999092
   51    1  2    0.187  0.998895
   52    1  2    0.168  0.998853
   53    1  2    0.198  0.998871
   54    1  2    0.159  0.998905
   55    1  2    0.125  0.998969
   56    1  2    0.216  0.998749
   57    1  2    0.198  0.998745
   58    1  2    0.111  0.998941
   59    1  2    0.070  0.998954
   60    1  2    0.216  0.998707
   61    1  2    0.181  0.998946
   62    1  2    0.212  0.998971
   63    1  2    0.274  0.998837
   64    1  2    0.089  0.999010
   65    1  2    0.141  0.998966
   66    1  2    0.126  0.999181
   67    1  2    0.203  0.998993
   68    1  2    0.225  0.998902
   69    1  2    0.072  0.999060
   70    1  2    0.224  0.999092
   71    1  2    0.152  0.999144
   72    1  2    0.141  0.999349
   73    1  2    0.205  0.998949
   74    1  2    0.224  0.999149
   75    1  2    0.299  0.998922
   76    1  2    0.167  0.999050
   77    1  2    0.145  0.999175
   78    1  2    0.156  0.999158
   79    1  2    0.137  0.999331
   80    1  2    0.163  0.999136
   81    1  2    0.201  0.999129
   82    1  2    0.226  0.999149
   83    1  2    0.093  0.999377
   84    1  2    0.227  0.998959
   85    1  2    0.138  0.999100
   86    1  2    0.127  0.999248
   87    1  2    0.195  0.999301
   88    1  2    0.143  0.999209
   89    1  2    0.103  0.999344
   90    1  2    0.270  0.999092
   91    1  2    0.282  0.999161
   92    1  2    0.137  0.999220
   93    1  2    0.282  0.999226
    1    2  2    0.026  0.999980
    2    2  2    0.068  0.999815
    3    2  2    0.087  0.999975
    4    2  2   -0.003  0.999994
    5    2  2    0.143  0.999626
    6    2  2    0.032  0.999855
    7    2  2    0.003  0.999896
    8    2  2   -0.007  0.999958
    9    2  2    0.025  0.999887
   10    2  2    0.030  0.999782
   11    2  2   -0.004  0.999907
   12    2  2   -0.072  0.999979
   13    2  2   -0.090  0.999966
   14    2  2   -0.057  0.999963
   15    2  2   -0.039  1.000018
   16    2  2    0.033  0.999738
   17    2  2   -0.027  0.999882
   18    2  2   -0.033  0.999895
   19    2  2   -0.071  1.000099
   20    2  2   -0.014  0.999932
   21    2  2   -0.001  0.999897
   22    2  2   -0.017  0.999930
   23    2  2    0.075  0.999851
   24    2  2   -0.039  0.999971
   25    2  2    0.071  0.999724
   26    2  2    0.022  0.999909
   27    2  2   -0.015  1.000022
   28    2  2   -0.018  0.999905
   29    2  2    0.023  0.999871
   30    2  2   -0.003  0.999978
   31    2  2    0.008  0.999916
   32    2  2   -0.010  0.999971
   33    2  2   -0.032  1.000004
   34    2  2   -0.011  0.999848
   35    2  2   -0.023  0.999993
   36    2  2    0.024  0.999875
   37    2  2    0.091  0.999929
   38    2  2    0.012  1.000043
   39    2  2    0.027  0.999892
   40    2  2   -0.056  1.000020
   41    2  2    0.011  0.999927
   42    2  2    0.016  0.999855
   43    2  2    0.074  0.999687
   44    2  2    0.130  0.999871
   45    2  2    0.093  0.999959
   46    2  2    0.023  1.000120
   47    2  2    0.085  0.999876
   48    2  2    0.064  0.999806
   49    2  2    0.033  0.999710
   50    2  2   -0.007  0.999880
   51    2  2   -0.045  1.000019
   52    2  2   -0.011  1.000052
   53    2  2   -0.045  0.999993
   54    2  2    0.004  0.999925
   55    2  2   -0.058  0.999917
   56    2  2   -0.050  0.999853
   57    2  2   -0.102  0.999941
   58    2  2   -0.051  0.999990
   59    2  2   -0.067  0.999933
   60    2  2   -0.126  0.999965
   61    2  2   -0.014  0.999883
   62    2  2    0.027  0.999965
   63    2  2   -0.057  0.999948
   64    2  2   -0.092  1.000065
   65    2  2   -0.113  1.000135
   66    2  2   -0.051  1.000088
   67    2  2   -0.003  1.000032
   68    2  2   -0.095  1.000208
   69    2  2    0.166  0.999945
   70    2  2    0.080  1.000053
   71    2  2   -0.052  1.000047
   72    2  2    0.051  0.999786
   73    2  2    0.049  0.999934
   74    2  2    0.049  1.000111
   75    2  2    0.052  0.999975
   76    2  2    0.010  0.999996
   77    2  2   -0.068  1.000171
   78    2  2   -0.067  1.000078
   79    2  2    0.004  1.000049
   80    2  2   -0.022  1.000075
   81    2  2   -0.030  0.999972
   82    2  2   -0.044  1.000029
   83    2  2    0.003  0.999973
   84    2  2    0.031  1.000044
   85    2  2   -0.085  1.000028
   86    2  2    0.033  0.999971
   87    2  2    0.001  0.999910
   88    2  2   -0.089  1.000011
   89    2  2    0.054  0.999992
   90    2  2   -0.006  0.999969
   91    2  2   -0.064  1.000113
   92    2  2   -0.053  0.999983
   93    2  2   -0.033  1.000201
    1    3  2    0.638  0.999650
    2    3  2    0.591  0.999633
    3    3  2    0.602  0.999589
    4    3  2    0.534  0.999646
    5    3  2    0.547  0.999668
    6    3  2    0.562  0.999544
    7    3  2    0.630  0.999540
    8    3  2    0.565  0.999692
    9    3  2    0.467  0.999833
   10    3  2    0.572  0.999511
   11    3  2    0.535  0.999609
   12    3  2    0.410  0.999671
   13    3  2    0.353  0.999626
   14    3  2    0.377  0.999747
   15    3  2    0.425  0.999663
   16    3  2    0.489  0.999700
   17    3  2    0.593  0.999473
   18    3  2    0.542  0.999455
   19    3  2    0.540  0.999625
   20    3  2    0.399  0.999785
   21    3  2    0.476  0.999588
   22    3  2    0.551  0.999581
   23    3  2    0.453  0.999645
   24    3  2    0.523  0.999389
   25    3  2    0.574  0.999563
   26    3  2    0.529  0.999528
   27    3  2    0.517  0.999597
   28    3  2    0.528  0.999540
   29    3  2    0.591  0.999360
   30    3  2    0.441  0.999598
   31    3  2    0.577  0.999497
   32    3  2    0.512  0.999460
   33    3  2    0.400  0.999715
   34    3  2    0.499  0.999590
   35    3  2    0.408  0.999587
   36    3  2    0.500  0.999440
   37    3  2    0.519  0.999475
   38    3  2    0.459  0.999591
   39    3  2    0.429  0.999528
   40    3  2    0.492  0.999587
   41    3  2    0.568  0.999403
   42    3  2    0.495  0.999570
   43    3  2    0.549  0.999600
   44    3  2    0.606  0.999333
   45    3  2    0.647  0.999271
   46    3  2    0.478  0.999583
   47    3  2    0.480  0.999583
   48    3  2    0.542  0.999522
   49    3  2    0.556  0.999412
   50    3  2    0.470  0.999524
   51    3  2    0.467  0.999415
   52    3  2    0.364  0.999631
   53    3  2    0.457  0.999528
   54    3  2    0.488  0.999429
   55    3  2    0.477  0.999444
   56    3  2    0.407  0.999477
   57    3  2    0.399  0.999534
   58    3  2    0.422  0.999452
   59    3  2    0.331  0.999547
   60    3  2    0.247  0.999700
   61    3  2    0.313  0.999680
   62    3  2    0.469  0.999547
   63    3  2    0.409  0.999501
   64    3  2    0.376  0.999433
   65    3  2    0.352  0.999615
   66    3  2    0.438  0.999485
   67    3  2    0.491  0.999402
   68    3  2    0.565  0.999426
   69    3  2    0.694  0.999357
   70    3  2    0.563  0.999455
   71    3  2    0.523  0.999455
   72    3  2    0.547  0.999536
   73    3  2    0.508  0.999470
   74    3  2    0.585  0.999497
   75    3  2    0.427  0.999556
   76    3  2    0.444  0.999546
   77    3  2    0.384  0.999749
   78    3  2    0.388  0.999626
   79    3  2    0.487  0.999690
   80    3  2    0.579  0.999373
   81    3  2    0.509  0.999476
   82    3  2    0.475  0.999581
   83    3  2    0.560  0.999469
   84    3  2    0.525  0.999658
   85    3  2    0.472  0.999615
   86    3  2    0.432  0.999663
   87    3  2    0.421  0.999794
   88    3  2    0.453  0.999571
   89    3  2    0.390  0.999694
   90    3  2    0.478  0.999675
   91    3  2    0.478  0.999640
   92    3  2    0.410  0.999649
   93    3  2    0.529  0.999548
    1    4  2   -0.106  0.999966
    2    4  2   -0.006  0.999816
    3    4  2    0.190  0.999486
    4    4  2    0.311  0.999320
    5    4  2    0.271  0.999481
    6    4  2    0.229  0.999498
    7    4  2    0.240  0.999381
    8    4  2    0.238  0.999564
    9    4  2    0.394  0.999239
   10    4  2    0.336  0.999357
   11    4  2    0.316  0.999398
   12    4  2    0.251  0.999434
   13    4  2    0.310  0.999506
   14    4  2    0.357  0.999360
   15    4  2    0.362  0.999391
   16    4  2    0.228  0.999673
   17    4  2    0.476  0.999150
   18    4  2    0.333  0.999423
   19    4  2    0.465  0.999172
   20    4  2    0.340  0.999197
   21    4  2    0.329  0.999503
   22    4  2    0.222  0.999522
   23    4  2    0.232  0.999517
   24    4  2    0.358  0.999329
   25    4  2    0.421  0.999265
   26    4  2    0.293  0.999422
   27    4  2    0.264  0.999394
   28    4  2    0.392  0.999193
   29    4  2    0.315  0.999258
   30    4  2    0.360  0.999287
   31    4  2    0.365  0.999313
   32    4  2    0.288  0.999247
   33    4  2    0.440  0.999114
   34    4  2    0.397  0.999099
   35    4  2    0.215  0.999617
   36    4  2    0.311  0.999282
   37    4  2    0.233  0.999528
   38    4  2    0.317  0.999345
   39    4  2    0.265  0.999423
   40    4  2    0.270  0.999336
   41    4  2    0.372  0.999196
   42    4  2    0.244  0.999480
   43    4  2    0.328  0.999420
   44    4  2    0.211  0.999409
   45    4  2    0.299  0.999399
   46    4  2    0.349  0.999301
   47    4  2    0.375  0.999438
   48    4  2    0.395  0.999258
   49    4  2    0.194  0.999608
   50    4  2    0.322  0.999431
   51    4  2    0.312  0.999258
   52    4  2    0.288  0.999383
   53    4  2    0.355  0.999004
   54    4  2    0.237  0.999387
   55    4  2    0.375  0.999110
   56    4  2    0.228  0.999311
   57    4  2    0.212  0.999350
   58    4  2    0.232  0.999469
   59    4  2    0.337  0.999188
   60    4  2    0.221  0.999295
   61    4  2    0.296  0.999200
   62    4  2    0.089  0.999710
   63    4  2    0.308  0.999284
   64    4  2    0.075  0.999485
   65    4  2    0.160  0.999596
   66    4  2    0.187  0.999677
   67    4  2    0.091  0.999777
   68    4  2    0.147  0.999585
   69    4  2    0.253  0.999429
   70    4  2    0.172  0.999488
   71    4  2    0.119  0.999513
   72    4  2    0.058  0.999800
   73    4  2    0.097  0.999732
   74    4  2    0.270  0.999447
   75    4  2    0.269  0.999510
   76    4  2    0.034  0.999804
   77    4  2    0.139  0.999705
   78    4  2    0.105  0.999835
   79    4  2    0.041  0.999642
   80    4  2    0.239  0.999704
   81    4  2    0.106  0.999664
   82    4  2   -0.051  0.999946
   83    4  2    0.024  0.999753
   84    4  2    0.074  0.999816
   85    4  2    0.134  0.999525
   86    4  2   -0.010  0.999857
   87    4  2   -0.073  0.999824
   88    4  2   -0.176  0.999883
   89    4  2    0.015  0.999855
   90    4  2    0.139  0.999616
   91    4  2    0.024  0.999639
   92    4  2   -0.024  0.999718
   93    4  2   -0.226  1.000094
    1    5  2   -0.038  0.999156
    2    5  2   -0.246  0.999262
    3    5  2   -0.191  0.999321
    4    5  2   -0.227  0.999561
    5    5  2   -0.198  0.999295
    6    5  2   -0.210  0.999477
    7    5  2   -0.172  0.999391
    8    5  2   -0.149  0.999240
    9    5  2   -0.129  0.999149
   10    5  2   -0.212  0.999344
   11    5  2   -0.149  0.999453
   12    5  2   -0.122  0.999371
   13    5  2   -0.144  0.999370
   14    5  2   -0.041  0.999273
   15    5  2   -0.058  0.999261
   16    5  2    0.053  0.999016
   17    5  2   -0.041  0.999186
   18    5  2   -0.141  0.999392
   19    5  2   -0.038  0.999142
   20    5  2   -0.059  0.999267
   21    5  2   -0.184  0.999371
   22    5  2   -0.126  0.999265
   23    5  2   -0.239  0.999387
   24    5  2   -0.091  0.999227
   25    5  2   -0.166  0.999214
   26    5  2   -0.155  0.999312
   27    5  2   -0.147  0.999354
   28    5  2   -0.172  0.999289
   29    5  2   -0.133  0.999205
   30    5  2   -0.177  0.999401
   31    5  2   -0.146  0.999244
   32    5  2   -0.235  0.999412
   33    5  2   -0.132  0.999113
   34    5  2   -0.024  0.999041
   35    5  2   -0.081  0.999289
   36    5  2   -0.231  0.999394
   37    5  2   -0.121  0.999230
   38    5  2   -0.251  0.999367
   39    5  2   -0.137  0.999094
   40    5  2   -0.155  0.999187
   41    5  2   -0.163  0.999055
   42    5  2   -0.155  0.999098
   43    5  2   -0.131  0.998958
   44    5  2   -0.230  0.999080
   45    5  2   -0.213  0.999163
   46    5  2   -0.282  0.999272
   47    5  2   -0.203  0.999086
   48    5  2   -0.165  0.999302
   49    5  2   -0.127  0.999159
   50    5  2   -0.135  0.999123
   51    5  2   -0.038  0.999013
   52    5  2   -0.174  0.999142
   53    5  2   -0.169  0.999090
   54    5  2   -0.115  0.999103
   55    5  2   -0.168  0.999178
   56    5  2   -0.143  0.999202
   57    5  2   -0.202  0.999296
   58    5  2   -0.177  0.999370
   59    5  2   -0.095  0.999155
   60    5  2   -0.068  0.999257
   61    5  2   -0.170  0.999413
   62    5  2   -0.068  0.999150
   63    5  2   -0.035  0.999176
   64    5  2   -0.037  0.999296
   65    5  2   -0.131  0.999266
   66    5  2   -0.145  0.999380
   67    5  2   -0.175  0.999251
   68    5  2   -0.161  0.999245
   69    5  2   -0.308  0.999311
   70    5  2   -0.246  0.999207
   71    5  2   -0.168  0.999345
   72    5  2   -0.164  0.999377
   73    5  2   -0.143  0.999278
   74    5  2   -0.166  0.999480
   75    5  2   -0.185  0.999395
   76    5  2   -0.158  0.999385
   77    5  2   -0.171  0.999311
   78    5  2   -0.081  0.999412
   79    5  2   -0.218  0.999451
   80    5  2   -0.286  0.999525
   81    5  2   -0.097  0.999260
   82    5  2   -0.129  0.999426
   83    5  2   -0.070  0.999304
   84    5  2   -0.229  0.999311
   85    5  2   -0.063  0.999487
   86    5  2   -0.222  0.999570
   87    5  2   -0.243  0.999428
   88    5  2   -0.107  0.999478
   89    5  2   -0.265  0.999674
   90    5  2   -0.273  0.999570
   91    5  2   -0.121  0.999512
   92    5  2   -0.167  0.999597
   93    5  2   -0.104  0.999305
    1    7  2   -0.023  1.000286
    2    7  2    0.274  1.000109
    3    7  2    0.319  1.000046
    4    7  2    0.414  0.999697
    5    7  2    0.229  1.000136
    6    7  2    0.195  1.000090
    7    7  2    0.211  0.999870
    8    7  2    0.366  0.999771
    9    7  2    0.453  0.999691
   10    7  2    0.441  0.999702
   11    7  2    0.243  0.999712
   12    7  2    0.158  0.999766
   13    7  2    0.188  0.999908
   14    7  2    0.065  0.999938
   15    7  2    0.332  0.999604
   16    7  2    0.363  0.999771
   17    7  2    0.136  1.000087
   18    7  2    0.179  1.000174
   19    7  2    0.231  0.999841
   20    7  2    0.060  1.000077
   21    7  2    0.072  1.000258
   22    7  2    0.001  1.000446
   23    7  2    0.152  1.000124
   24    7  2    0.014  1.000405
   25    7  2    0.321  0.999554
   26    7  2    0.152  1.000115
   27    7  2    0.166  1.000022
   28    7  2    0.202  0.999908
   29    7  2    0.119  1.000047
   30    7  2    0.175  1.000075
   31    7  2    0.308  0.999799
   32    7  2    0.005  1.000262
   33    7  2    0.077  1.000057
   34    7  2    0.050  1.000066
   35    7  2    0.065  1.000015
   36    7  2    0.086  1.000017
   37    7  2    0.070  1.000145
   38    7  2    0.164  0.999990
   39    7  2    0.266  0.999910
   40    7  2    0.027  1.000279
   41    7  2    0.236  0.999747
   42    7  2    0.260  0.999860
   43    7  2    0.176  0.999875
   44    7  2    0.269  0.999899
   45    7  2    0.174  1.000181
   46    7  2    0.256  0.999868
   47    7  2    0.117  1.000359
   48    7  2    0.031  1.000313
   49    7  2    0.186  0.999960
   50    7  2    0.071  1.000195
   51    7  2    0.055  1.000110
   52    7  2   -0.024  1.000301
   53    7  2    0.146  0.999849
   54    7  2   -0.103  1.000184
   55    7  2    0.073  0.999961
   56    7  2   -0.021  1.000077
   57    7  2   -0.005  1.000224
   58    7  2    0.070  1.000002
   59    7  2    0.000  0.999995
   60    7  2   -0.084  1.000045
   61    7  2   -0.046  1.000138
   62    7  2    0.091  1.000220
   63    7  2   -0.099  1.000304
   64    7  2   -0.118  1.000202
   65    7  2    0.090  1.000024
   66    7  2    0.076  0.999959
   67    7  2    0.088  1.000023
   68    7  2    0.117  0.999963
   69    7  2    0.216  0.999823
   70    7  2    0.111  1.000239
   71    7  2    0.110  1.000214
   72    7  2    0.028  1.000061
   73    7  2    0.089  0.999977
   74    7  2   -0.010  1.000219
   75    7  2    0.023  1.000161
   76    7  2    0.085  0.999994
   77    7  2   -0.087  1.000116
   78    7  2    0.020  1.000006
   79    7  2    0.226  0.999849
   80    7  2   -0.019  1.000175
   81    7  2    0.082  1.000127
   82    7  2    0.001  1.000148
   83    7  2    0.063  1.000106
   84    7  2    0.094  1.000202
   85    7  2   -0.086  1.000162
   86    7  2   -0.065  1.000256
   87    7  2   -0.059  1.000291
   88    7  2   -0.015  1.000144
   89    7  2    0.062  1.000316
   90    7  2    0.054  0.999968
   91    7  2   -0.029  1.000234
   92    7  2   -0.144  1.000354
   93    7  2   -0.188  1.000334
    1    8  2   -0.332  0.998912
    2    8  2   -0.239  0.998909
    3    8  2   -0.234  0.998999
    4    8  2    0.017  0.998558
    5    8  2   -0.030  0.998918
    6    8  2   -0.041  0.998878
    7    8  2   -0.096  0.998807
    8    8  2    0.025  0.998756
    9    8  2    0.074  0.998797
   10    8  2    0.043  0.998740
   11    8  2   -0.133  0.998670
   12    8  2   -0.214  0.998897
   13    8  2   -0.138  0.999048
   14    8  2   -0.298  0.998901
   15    8  2   -0.034  0.998812
   16    8  2   -0.030  0.998666
   17    8  2   -0.188  0.998742
   18    8  2   -0.230  0.998602
   19    8  2   -0.456  0.999110
   20    8  2   -0.353  0.998899
   21    8  2   -0.398  0.999090
   22    8  2   -0.337  0.998934
   23    8  2   -0.059  0.998686
   24    8  2   -0.241  0.998910
   25    8  2   -0.259  0.998945
   26    8  2   -0.519  0.998978
   27    8  2   -0.441  0.999005
   28    8  2   -0.369  0.998815
   29    8  2   -0.324  0.998887
   30    8  2   -0.364  0.999044
   31    8  2   -0.217  0.998606
   32    8  2   -0.416  0.998891
   33    8  2   -0.391  0.998920
   34    8  2   -0.617  0.999241
   35    8  2   -0.484  0.998810
   36    8  2   -0.452  0.998933
   37    8  2   -0.366  0.998751
   38    8  2   -0.164  0.998585
   39    8  2   -0.287  0.998714
   40    8  2   -0.249  0.998784
   41    8  2   -0.264  0.998583
   42    8  2   -0.172  0.998645
   43    8  2   -0.513  0.999149
   44    8  2   -0.252  0.998659
   45    8  2   -0.236  0.998784
   46    8  2   -0.171  0.998486
   47    8  2   -0.389  0.998833
   48    8  2   -0.285  0.998719
   49    8  2   -0.268  0.998661
   50    8  2   -0.465  0.998986
   51    8  2   -0.587  0.998915
   52    8  2   -0.675  0.999193
   53    8  2   -0.350  0.998870
   54    8  2   -0.076  0.998426
   55    8  2   -0.119  0.998730
   56    8  2   -0.558  0.998932
   57    8  2   -0.646  0.998791
   58    8  2   -0.793  0.998983
   59    8  2   -0.711  0.999028
   60    8  2   -0.826  0.998914
   61    8  2   -0.952  0.999174
   62    8  2   -0.579  0.998926
   63    8  2   -0.716  0.998992
   64    8  2   -1.036  0.999406
   65    8  2   -0.622  0.998916
   66    8  2   -0.487  0.999033
   67    8  2   -0.453  0.999011
   68    8  2   -0.493  0.998894
   69    8  2   -0.300  0.998838
   70    8  2   -0.342  0.998828
   71    8  2   -0.396  0.998588
   72    8  2   -0.462  0.998859
   73    8  2   -0.583  0.998921
   74    8  2   -0.416  0.998913
   75    8  2   -0.396  0.998943
   76    8  2   -0.389  0.999035
   77    8  2   -0.382  0.999414
   78    8  2   -0.318  0.998922
   79    8  2   -0.552  0.999207
   80    8  2   -0.278  0.998870
   81    8  2   -0.302  0.998818
   82    8  2   -0.140  0.998961
   83    8  2    0.056  0.998964
   84    8  2   -0.225  0.999313
   85    8  2    0.034  0.999245
   86    8  2    0.035  0.999108
   87    8  2    0.104  0.998983
   88    8  2    0.150  0.999091
   89    8  2    0.089  0.999223
   90    8  2    0.167  0.999075
   91    8  2    0.195  0.999208
   92    8  2    0.295  0.999270
   93    8  2    0.183  0.999287
    1   11  2   -0.344  0.999613
    2   11  2   -0.320  0.999518
    3   11  2   -0.310  0.999444
    4   11  2   -0.326  0.999634
    5   11  2   -0.338  0.999558
    6   11  2   -0.383  0.999648
    7   11  2   -0.342  0.999515
    8   11  2   -0.427  0.999831
    9   11  2   -0.287  0.999516
   10   11  2   -0.346  0.999638
   11   11  2   -0.308  0.999539
   12   11  2   -0.226  0.999413
   13   11  2   -0.293  0.999512
   14   11  2   -0.310  0.999681
   15   11  2   -0.266  0.999415
   16   11  2   -0.273  0.999421
   17   11  2   -0.280  0.999462
   18   11  2   -0.375  0.999587
   19   11  2   -0.229  0.999300
   20   11  2   -0.496  0.999814
   21   11  2   -0.222  0.999344
   22   11  2   -0.286  0.999409
   23   11  2   -0.242  0.999343
   24   11  2   -0.305  0.999407
   25   11  2   -0.237  0.999388
   26   11  2   -0.289  0.999549
   27   11  2   -0.322  0.999427
   28   11  2   -0.346  0.999562
   29   11  2   -0.282  0.999363
   30   11  2   -0.337  0.999445
   31   11  2   -0.223  0.999363
   32   11  2   -0.274  0.999370
   33   11  2   -0.383  0.999538
   34   11  2   -0.324  0.999334
   35   11  2   -0.464  0.999673
   36   11  2   -0.357  0.999408
   37   11  2   -0.344  0.999431
   38   11  2   -0.319  0.999431
   39   11  2   -0.345  0.999413
   40   11  2   -0.239  0.999232
   41   11  2   -0.286  0.999397
   42   11  2   -0.544  0.999864
   43   11  2   -0.286  0.999301
   44   11  2   -0.333  0.999437
   45   11  2   -0.467  0.999436
   46   11  2   -0.357  0.999436
   47   11  2   -0.443  0.999594
   48   11  2   -0.403  0.999548
   49   11  2   -0.350  0.999356
   50   11  2   -0.320  0.999259
   51   11  2   -0.327  0.999395
   52   11  2   -0.339  0.999477
   53   11  2   -0.501  0.999641
   54   11  2   -0.362  0.999321
   55   11  2   -0.280  0.999330
   56   11  2   -0.303  0.999348
   57   11  2   -0.361  0.999379
   58   11  2   -0.364  0.999608
   59   11  2   -0.427  0.999536
   60   11  2   -0.419  0.999499
   61   11  2   -0.269  0.999377
   62   11  2   -0.377  0.999583
   63   11  2   -0.361  0.999514
   64   11  2   -0.397  0.999578
   65   11  2   -0.306  0.999572
   66   11  2   -0.355  0.999539
   67   11  2   -0.273  0.999400
   68   11  2   -0.391  0.999561
   69   11  2   -0.395  0.999553
   70   11  2   -0.362  0.999456
   71   11  2   -0.360  0.999620
   72   11  2   -0.381  0.999580
   73   11  2   -0.271  0.999420
   74   11  2   -0.266  0.999358
   75   11  2   -0.333  0.999561
   76   11  2   -0.382  0.999699
   77   11  2   -0.291  0.999515
   78   11  2   -0.396  0.999685
   79   11  2   -0.379  0.999714
   80   11  2   -0.392  0.999798
   81   11  2   -0.284  0.999542
   82   11  2   -0.376  0.999712
   83   11  2   -0.277  0.999502
   84   11  2   -0.451  0.999710
   85   11  2   -0.344  0.999613
   86   11  2   -0.325  0.999645
   87   11  2   -0.344  0.999645
   88   11  2   -0.320  0.999690
   89   11  2   -0.252  0.999684
   90   11  2   -0.325  0.999682
   91   11  2   -0.260  0.999597
   92   11  2   -0.355  0.999790
   93   11  2   -0.290  0.999779
    1   16  2   -0.826  1.000606
    2   16  2   -0.750  1.000479
    3   16  2   -0.880  1.000754
    4   16  2   -0.945  1.000841
    5   16  2   -0.852  1.000637
    6   16  2   -0.902  1.000676
    7   16  2   -0.873  1.000641
    8   16  2   -0.803  1.000535
    9   16  2   -0.796  1.000436
   10   16  2   -0.783  1.000532
   11   16  2   -0.729  1.000558
   12   16  2   -0.778  1.000671
   13   16  2   -0.827  1.000539
   14   16  2   -0.768  1.000599
   15   16  2   -0.835  1.000504
   16   16  2   -0.845  1.000524
   17   16  2   -0.798  1.000574
   18   16  2   -0.808  1.000645
   19   16  2   -0.814  1.000608
   20   16  2   -0.956  1.000767
   21   16  2   -0.782  1.000631
   22   16  2   -0.772  1.000788
   23   16  2   -0.788  1.000457
   24   16  2   -0.736  1.000252
   25   16  2   -0.900  1.000555
   26   16  2   -0.716  1.000567
   27   16  2   -0.962  1.000633
   28   16  2   -0.853  1.000406
   29   16  2   -0.851  1.000625
   30   16  2   -0.851  1.000549
   31   16  2   -0.670  1.000470
   32   16  2   -0.773  1.000449
   33   16  2   -0.739  1.000569
   34   16  2   -0.708  1.000435
   35   16  2   -0.726  1.000366
   36   16  2   -0.767  1.000531
   37   16  2   -0.744  1.000273
   38   16  2   -0.684  1.000389
   39   16  2   -0.808  1.000594
   40   16  2   -0.800  1.000615
   41   16  2   -0.671  1.000256
   42   16  2   -0.918  1.000535
   43   16  2   -0.869  1.000488
   44   16  2   -0.704  1.000320
   45   16  2   -0.839  1.000461
   46   16  2   -0.926  1.000551
   47   16  2   -0.852  1.000610
   48   16  2   -0.852  1.000586
   49   16  2   -0.889  1.000497
   50   16  2   -0.783  1.000302
   51   16  2   -0.718  1.000406
   52   16  2   -0.664  1.000203
   53   16  2   -0.799  1.000389
   54   16  2   -0.587  1.000220
   55   16  2   -0.657  1.000252
   56   16  2   -0.670  1.000365
   57   16  2   -0.716  1.000259
   58   16  2   -0.707  1.000508
   59   16  2   -0.703  1.000310
   60   16  2   -0.670  1.000483
   61   16  2   -0.628  1.000444
   62   16  2   -0.781  1.000468
   63   16  2   -0.743  1.000467
   64   16  2   -0.794  1.000593
   65   16  2   -0.761  1.000641
   66   16  2   -0.807  1.000675
   67   16  2   -0.761  1.000599
   68   16  2   -0.768  1.000431
   69   16  2   -1.020  1.000953
   70   16  2   -0.822  1.000369
   71   16  2   -0.873  1.000669
   72   16  2   -0.839  1.000601
   73   16  2   -0.799  1.000616
   74   16  2   -0.732  1.000430
   75   16  2   -0.840  1.000666
   76   16  2   -0.790  1.000613
   77   16  2   -0.689  1.000525
   78   16  2   -0.926  1.000806
   79   16  2   -0.717  1.000453
   80   16  2   -0.944  1.000871
   81   16  2   -0.768  1.000484
   82   16  2   -0.744  1.000470
   83   16  2   -0.774  1.000614
   84   16  2   -0.822  1.000599
   85   16  2   -0.763  1.000671
   86   16  2   -0.679  1.000482
   87   16  2   -0.886  1.000851
   88   16  2   -0.828  1.000775
   89   16  2   -0.701  1.000485
   90   16  2   -0.901  1.000868
   91   16  2   -0.818  1.000694
   92   16  2   -0.825  1.000877
   93   16  2   -0.920  1.000921
    1   17  2   -0.145  0.999804
    2   17  2   -0.188  0.999767
    3   17  2   -0.091  0.999723
    4   17  2   -0.213  0.999942
    5   17  2   -0.155  0.999721
    6   17  2   -0.163  0.999853
    7   17  2   -0.141  0.999801
    8   17  2    0.066  0.999421
    9   17  2   -0.185  0.999623
   10   17  2    0.088  0.999435
   11   17  2    0.053  0.999433
   12   17  2    0.046  0.999646
   13   17  2   -0.212  0.999840
   14   17  2   -0.009  0.999541
   15   17  2   -0.071  0.999702
   16   17  2   -0.045  0.999624
   17   17  2   -0.234  0.999902
   18   17  2   -0.057  0.999628
   19   17  2   -0.098  0.999702
   20   17  2   -0.200  0.999857
   21   17  2   -0.169  0.999886
   22   17  2   -0.246  0.999856
   23   17  2   -0.179  0.999786
   24   17  2   -0.142  0.999692
   25   17  2   -0.100  0.999577
   26   17  2    0.056  0.999459
   27   17  2   -0.170  0.999928
   28   17  2   -0.109  0.999738
   29   17  2    0.046  0.999513
   30   17  2   -0.156  0.999699
   31   17  2   -0.111  0.999727
   32   17  2   -0.062  0.999359
   33   17  2   -0.014  0.999399
   34   17  2   -0.116  0.999546
   35   17  2    0.015  0.999393
   36   17  2   -0.086  0.999504
   37   17  2   -0.188  0.999547
   38   17  2   -0.152  0.999450
   39   17  2   -0.109  0.999492
   40   17  2   -0.084  0.999493
   41   17  2   -0.094  0.999440
   42   17  2   -0.055  0.999377
   43   17  2   -0.232  0.999556
   44   17  2   -0.254  0.999584
   45   17  2   -0.128  0.999618
   46   17  2   -0.091  0.999442
   47   17  2   -0.327  0.999752
   48   17  2   -0.098  0.999387
   49   17  2   -0.126  0.999304
   50   17  2   -0.154  0.999516
   51   17  2   -0.134  0.999563
   52   17  2    0.043  0.999328
   53   17  2   -0.133  0.999508
   54   17  2   -0.020  0.999307
   55   17  2   -0.266  0.999538
   56   17  2   -0.091  0.999521
   57   17  2   -0.049  0.999513
   58   17  2   -0.066  0.999490
   59   17  2   -0.013  0.999515
   60   17  2   -0.001  0.999453
   61   17  2   -0.022  0.999417
   62   17  2   -0.051  0.999576
   63   17  2   -0.060  0.999643
   64   17  2   -0.098  0.999650
   65   17  2   -0.057  0.999688
   66   17  2   -0.113  0.999685
   67   17  2   -0.098  0.999571
   68   17  2   -0.078  0.999481
   69   17  2   -0.144  0.999446
   70   17  2   -0.158  0.999510
   71   17  2   -0.079  0.999589
   72   17  2   -0.198  0.999833
   73   17  2   -0.120  0.999831
   74   17  2   -0.262  0.999863
   75   17  2   -0.056  0.999661
   76   17  2   -0.150  0.999823
   77   17  2   -0.154  0.999817
   78   17  2    0.063  0.999532
   79   17  2   -0.138  0.999867
   80   17  2   -0.015  0.999715
   81   17  2   -0.046  0.999680
   82   17  2   -0.175  0.999910
   83   17  2   -0.127  0.999697
   84   17  2   -0.257  0.999751
   85   17  2   -0.026  0.999770
   86   17  2   -0.165  0.999861
   87   17  2   -0.118  0.999718
   88   17  2    0.023  0.999822
   89   17  2   -0.054  0.999720
   90   17  2   -0.053  0.999663
   91   17  2    0.030  0.999753
   92   17  2   -0.014  0.999755
   93   17  2   -0.109  0.999811
    1   18  2   -0.397  1.000091
    2   18  2   -0.410  0.999901
    3   18  2   -0.413  0.999899
    4   18  2   -0.393  1.000045
    5   18  2   -0.417  1.000135
    6   18  2   -0.356  1.000062
    7   18  2   -0.378  0.999975
    8   18  2   -0.430  0.999969
    9   18  2   -0.248  0.999683
   10   18  2   -0.293  0.999860
   11   18  2   -0.173  0.999686
   12   18  2   -0.187  0.999745
   13   18  2   -0.317  0.999890
   14   18  2   -0.380  1.000056
   15   18  2   -0.318  0.999856
   16   18  2   -0.161  0.999592
   17   18  2   -0.357  0.999875
   18   18  2   -0.226  0.999684
   19   18  2   -0.227  0.999798
   20   18  2   -0.270  0.999623
   21   18  2   -0.270  0.999679
   22   18  2   -0.301  0.999729
   23   18  2   -0.372  0.999968
   24   18  2   -0.251  0.999689
   25   18  2   -0.375  1.000026
   26   18  2   -0.331  0.999936
   27   18  2   -0.288  0.999766
   28   18  2   -0.344  0.999872
   29   18  2   -0.418  0.999984
   30   18  2   -0.318  0.999780
   31   18  2   -0.445  0.999976
   32   18  2   -0.312  0.999622
   33   18  2   -0.270  0.999569
   34   18  2   -0.391  0.999907
   35   18  2   -0.300  0.999796
   36   18  2   -0.284  0.999756
   37   18  2   -0.410  0.999916
   38   18  2   -0.312  0.999627
   39   18  2   -0.417  0.999818
   40   18  2   -0.295  0.999828
   41   18  2   -0.466  0.999896
   42   18  2   -0.413  0.999926
   43   18  2   -0.471  0.999944
   44   18  2   -0.354  0.999665
   45   18  2   -0.432  0.999754
   46   18  2   -0.452  0.999756
   47   18  2   -0.340  0.999649
   48   18  2   -0.292  0.999573
   49   18  2   -0.444  0.999801
   50   18  2   -0.469  0.999878
   51   18  2   -0.177  0.999566
   52   18  2   -0.251  0.999627
   53   18  2   -0.233  0.999639
   54   18  2   -0.161  0.999434
   55   18  2   -0.201  0.999534
   56   18  2   -0.221  0.999622
   57   18  2   -0.356  0.999778
   58   18  2   -0.204  0.999610
   59   18  2   -0.290  0.999881
   60   18  2   -0.257  0.999875
   61   18  2   -0.204  0.999736
   62   18  2   -0.215  0.999732
   63   18  2   -0.249  0.999652
   64   18  2   -0.251  0.999877
   65   18  2   -0.308  0.999994
   66   18  2   -0.318  0.999947
   67   18  2   -0.248  0.999695
   68   18  2   -0.464  1.000030
   69   18  2   -0.532  1.000002
   70   18  2   -0.458  0.999996
   71   18  2   -0.350  1.000048
   72   18  2   -0.448  0.999997
   73   18  2   -0.308  0.999989
   74   18  2   -0.242  0.999718
   75   18  2   -0.388  0.999917
   76   18  2   -0.323  0.999902
   77   18  2   -0.226  0.999783
   78   18  2   -0.292  1.000076
   79   18  2   -0.260  0.999754
   80   18  2   -0.264  0.999830
   81   18  2   -0.360  1.000002
   82   18  2   -0.265  0.999760
   83   18  2   -0.348  0.999992
   84   18  2   -0.458  1.000097
   85   18  2   -0.367  1.000016
   86   18  2   -0.284  0.999860
   87   18  2   -0.351  1.000105
   88   18  2   -0.364  1.000094
   89   18  2   -0.294  0.999873
   90   18  2   -0.378  1.000126
   91   18  2   -0.251  0.999933
   92   18  2   -0.179  0.999963
   93   18  2   -0.327  1.000041
    1   19  2   -0.548  1.000551
    2   19  2   -0.674  1.000601
    3   19  2   -0.810  1.000766
    4   19  2   -0.898  1.000856
    5   19  2   -0.530  1.000230
    6   19  2   -0.934  1.000908
    7   19  2   -0.682  1.000540
    8   19  2   -0.761  1.000482
    9   19  2   -0.667  1.000536
   10   19  2   -0.740  1.000680
   11   19  2   -0.651  1.000368
   12   19  2   -0.526  1.000334
   13   19  2   -0.791  1.000533
   14   19  2   -0.758  1.000649
   15   19  2   -0.770  1.000643
   16   19  2   -0.676  1.000466
   17   19  2   -0.721  1.000598
   18   19  2   -0.585  1.000533
   19   19  2   -0.978  1.000901
   20   19  2   -0.666  1.000454
   21   19  2   -0.786  1.000576
   22   19  2   -0.796  1.000790
   23   19  2   -0.749  1.000601
   24   19  2   -0.863  1.000794
   25   19  2   -0.795  1.000854
   26   19  2   -0.809  1.000867
   27   19  2   -0.749  1.000705
   28   19  2   -0.768  1.000501
   29   19  2   -0.794  1.000409
   30   19  2   -0.717  1.000686
   31   19  2   -0.763  1.000558
   32   19  2   -0.825  1.000617
   33   19  2   -0.627  1.000409
   34   19  2   -0.811  1.000665
   35   19  2   -0.868  1.000791
   36   19  2   -0.707  1.000461
   37   19  2   -0.764  1.000376
   38   19  2   -0.735  1.000358
   39   19  2   -0.803  1.000563
   40   19  2   -0.709  1.000374
   41   19  2   -0.736  1.000577
   42   19  2   -0.808  1.000454
   43   19  2   -0.955  1.000655
   44   19  2   -0.749  1.000435
   45   19  2   -0.792  1.000363
   46   19  2   -0.798  1.000720
   47   19  2   -0.821  1.000495
   48   19  2   -0.719  1.000369
   49   19  2   -0.713  1.000316
   50   19  2   -0.656  1.000134
   51   19  2   -0.766  1.000492
   52   19  2   -0.712  1.000312
   53   19  2   -0.744  1.000411
   54   19  2   -0.811  1.000458
   55   19  2   -0.915  1.000495
   56   19  2   -0.746  1.000267
   57   19  2   -0.852  1.000646
   58   19  2   -0.809  1.000724
   59   19  2   -0.737  1.000498
   60   19  2   -0.802  1.000493
   61   19  2   -0.759  1.000469
   62   19  2   -0.848  1.000740
   63   19  2   -0.814  1.000693
   64   19  2   -0.732  1.000585
   65   19  2   -0.774  1.000613
   66   19  2   -0.675  1.000465
   67   19  2   -0.667  1.000419
   68   19  2   -0.881  1.000773
   69   19  2   -0.776  1.000592
   70   19  2   -0.727  1.000509
   71   19  2   -0.900  1.000818
   72   19  2   -0.868  1.000898
   73   19  2   -0.755  1.000710
   74   19  2   -0.903  1.000857
   75   19  2   -0.822  1.000628
   76   19  2   -0.727  1.000562
   77   19  2   -0.793  1.000664
   78   19  2   -0.925  1.000898
   79   19  2   -0.832  1.000717
   80   19  2   -0.749  1.000710
   81   19  2   -0.572  1.000579
   82   19  2   -0.647  1.000592
   83   19  2   -0.739  1.000840
   84   19  2   -0.771  1.000837
   85   19  2   -0.704  1.000846
   86   19  2   -0.996  1.001184
   87   19  2   -0.623  1.000545
   88   19  2   -0.687  1.000807
   89   19  2   -0.906  1.001121
   90   19  2   -0.897  1.001203
   91   19  2   -0.587  1.000706
   92   19  2   -0.799  1.001049
   93   19  2   -0.817  1.001009
    1   20  2    0.587  1.001461
    2   20  2    0.527  1.001399
    3   20  2    0.476  1.001472
    4   20  2    0.616  1.001282
    5   20  2    0.592  1.001232
    6   20  2    0.637  1.001328
    7   20  2    0.608  1.001352
    8   20  2    0.656  1.001241
    9   20  2    0.663  1.001191
   10   20  2    0.628  1.001342
   11   20  2    0.702  1.001244
   12   20  2    0.663  1.001374
   13   20  2    0.770  1.001154
   14   20  2    0.704  1.001230
   15   20  2    0.623  1.001398
   16   20  2    0.651  1.001321
   17   20  2    0.682  1.001165
   18   20  2    0.646  1.001303
   19   20  2    0.675  1.001336
   20   20  2    0.696  1.001115
   21   20  2    0.705  1.001188
   22   20  2    0.652  1.001152
   23   20  2    0.671  1.001162
   24   20  2    0.564  1.001237
   25   20  2    0.628  1.001273
   26   20  2    0.632  1.001202
   27   20  2    0.706  1.001101
   28   20  2    0.633  1.001242
   29   20  2    0.733  1.001121
   30   20  2    0.696  1.001203
   31   20  2    0.712  1.001091
   32   20  2    0.723  1.001086
   33   20  2    0.691  1.001110
   34   20  2    0.674  1.001142
   35   20  2    0.650  1.001249
   36   20  2    0.652  1.001160
   37   20  2    0.626  1.001108
   38   20  2    0.589  1.001091
   39   20  2    0.607  1.001224
   40   20  2    0.637  1.001189
   41   20  2    0.651  1.001129
   42   20  2    0.558  1.001239
   43   20  2    0.593  1.000976
   44   20  2    0.509  1.001230
   45   20  2    0.567  1.001083
   46   20  2    0.591  1.001074
   47   20  2    0.581  1.001155
   48   20  2    0.568  1.001265
   49   20  2    0.625  1.001126
   50   20  2    0.629  1.001081
   51   20  2    0.572  1.001179
   52   20  2    0.685  1.000997
   53   20  2    0.627  1.001065
   54   20  2    0.668  1.000991
   55   20  2    0.674  1.001016
   56   20  2    0.684  1.001104
   57   20  2    0.712  1.001132
   58   20  2    0.710  1.001219
   59   20  2    0.725  1.001162
   60   20  2    0.827  1.001083
   61   20  2    0.665  1.001355
   62   20  2    0.630  1.001303
   63   20  2    0.686  1.001315
   64   20  2    0.759  1.001334
   65   20  2    0.717  1.001382
   66   20  2    0.647  1.001308
   67   20  2    0.700  1.001197
   68   20  2    0.675  1.001177
   69   20  2    0.421  1.001291
   70   20  2    0.602  1.001154
   71   20  2    0.587  1.001284
   72   20  2    0.629  1.001304
   73   20  2    0.640  1.001345
   74   20  2    0.633  1.001341
   75   20  2    0.658  1.001308
   76   20  2    0.683  1.001367
   77   20  2    0.644  1.001443
   78   20  2    0.651  1.001524
   79   20  2    0.605  1.001371
   80   20  2    0.625  1.001474
   81   20  2    0.626  1.001526
   82   20  2    0.703  1.001332
   83   20  2    0.622  1.001449
   84   20  2    0.527  1.001568
   85   20  2    0.668  1.001485
   86   20  2    0.691  1.001473
   87   20  2    0.667  1.001379
   88   20  2    0.669  1.001531
   89   20  2    0.646  1.001493
   90   20  2    0.608  1.001487
   91   20  2    0.621  1.001547
   92   20  2    0.664  1.001621
   93   20  2    0.609  1.001607
    1   21  2   -0.116  0.999457
    2   21  2   -0.189  0.999443
    3   21  2   -0.103  0.999323
    4   21  2   -0.176  0.999478
    5   21  2   -0.141  0.999332
    6   21  2   -0.130  0.999427
    7   21  2   -0.174  0.999418
    8   21  2   -0.156  0.999501
    9   21  2   -0.170  0.999516
   10   21  2   -0.163  0.999433
   11   21  2   -0.144  0.999384
   12   21  2   -0.093  0.999288
   13   21  2   -0.109  0.999406
   14   21  2   -0.170  0.999512
   15   21  2   -0.174  0.999540
   16   21  2   -0.124  0.999389
   17   21  2   -0.145  0.999479
   18   21  2   -0.177  0.999469
   19   21  2   -0.136  0.999387
   20   21  2   -0.134  0.999444
   21   21  2   -0.188  0.999430
   22   21  2   -0.124  0.999362
   23   21  2   -0.115  0.999339
   24   21  2   -0.155  0.999386
   25   21  2   -0.120  0.999311
   26   21  2   -0.118  0.999323
   27   21  2   -0.103  0.999320
   28   21  2   -0.165  0.999474
   29   21  2   -0.133  0.999207
   30   21  2   -0.133  0.999336
   31   21  2   -0.127  0.999247
   32   21  2   -0.100  0.999169
   33   21  2   -0.094  0.999219
   34   21  2   -0.146  0.999375
   35   21  2   -0.068  0.999224
   36   21  2   -0.174  0.999289
   37   21  2   -0.126  0.999289
   38   21  2   -0.133  0.999200
   39   21  2   -0.149  0.999253
   40   21  2   -0.119  0.999221
   41   21  2   -0.173  0.999337
   42   21  2   -0.123  0.999213
   43   21  2   -0.165  0.999245
   44   21  2   -0.176  0.999254
   45   21  2   -0.161  0.999213
   46   21  2   -0.145  0.999214
   47   21  2   -0.198  0.999313
   48   21  2   -0.174  0.999319
   49   21  2   -0.163  0.999311
   50   21  2   -0.139  0.999293
   51   21  2   -0.151  0.999192
   52   21  2   -0.135  0.999289
   53   21  2   -0.152  0.999207
   54   21  2   -0.118  0.999255
   55   21  2   -0.136  0.999246
   56   21  2   -0.109  0.999155
   57   21  2   -0.021  0.999096
   58   21  2   -0.151  0.999301
   59   21  2   -0.118  0.999276
   60   21  2   -0.114  0.999355
   61   21  2   -0.139  0.999414
   62   21  2   -0.153  0.999388
   63   21  2   -0.101  0.999309
   64   21  2   -0.069  0.999334
   65   21  2   -0.143  0.999479
   66   21  2   -0.134  0.999346
   67   21  2   -0.139  0.999411
   68   21  2   -0.100  0.999351
   69   21  2   -0.132  0.999296
   70   21  2   -0.168  0.999454
   71   21  2   -0.200  0.999526
   72   21  2   -0.138  0.999458
   73   21  2   -0.219  0.999649
   74   21  2   -0.162  0.999474
   75   21  2   -0.167  0.999505
   76   21  2   -0.184  0.999597
   77   21  2   -0.102  0.999472
   78   21  2   -0.092  0.999496
   79   21  2   -0.130  0.999464
   80   21  2   -0.200  0.999580
   81   21  2   -0.139  0.999458
   82   21  2   -0.137  0.999627
   83   21  2   -0.118  0.999547
   84   21  2   -0.160  0.999445
   85   21  2   -0.146  0.999581
   86   21  2   -0.090  0.999499
   87   21  2   -0.093  0.999478
   88   21  2   -0.113  0.999543
   89   21  2   -0.104  0.999524
   90   21  2   -0.172  0.999578
   91   21  2   -0.101  0.999556
   92   21  2   -0.141  0.999605
   93   21  2   -0.134  0.999512
    1   22  2    0.456  0.997354
    2   22  2    0.480  0.997225
    3   22  2    0.502  0.997070
    4   22  2    0.475  0.997100
    5   22  2    0.525  0.997025
    6   22  2    0.513  0.997067
    7   22  2    0.458  0.997210
    8   22  2    0.508  0.997105
    9   22  2    0.463  0.997169
   10   22  2    0.416  0.997198
   11   22  2    0.489  0.997048
   12   22  2    0.500  0.997014
   13   22  2    0.424  0.997090
   14   22  2    0.472  0.997035
   15   22  2    0.506  0.996953
   16   22  2    0.476  0.997081
   17   22  2    0.485  0.996867
   18   22  2    0.446  0.996961
   19   22  2    0.531  0.996848
   20   22  2    0.491  0.996893
   21   22  2    0.484  0.996899
   22   22  2    0.453  0.996882
   23   22  2    0.498  0.996844
   24   22  2    0.488  0.996789
   25   22  2    0.492  0.996772
   26   22  2    0.511  0.996734
   27   22  2    0.428  0.996787
   28   22  2    0.464  0.996690
   29   22  2    0.505  0.996625
   30   22  2    0.476  0.996681
   31   22  2    0.453  0.996718
   32   22  2    0.486  0.996575
   33   22  2    0.484  0.996570
   34   22  2    0.490  0.996575
   35   22  2    0.443  0.996643
   36   22  2    0.478  0.996576
   37   22  2    0.523  0.996545
   38   22  2    0.471  0.996584
   39   22  2    0.442  0.996646
   40   22  2    0.509  0.996572
   41   22  2    0.467  0.996596
   42   22  2    0.454  0.996737
   43   22  2    0.480  0.996655
   44   22  2    0.512  0.996572
   45   22  2    0.454  0.996642
   46   22  2    0.505  0.996579
   47   22  2    0.423  0.996729
   48   22  2    0.469  0.996477
   49   22  2    0.515  0.996374
   50   22  2    0.474  0.996368
   51   22  2    0.516  0.996258
   52   22  2    0.513  0.996112
   53   22  2    0.464  0.996155
   54   22  2    0.439  0.996137
   55   22  2    0.505  0.995949
   56   22  2    0.451  0.996041
   57   22  2    0.445  0.996003
   58   22  2    0.393  0.996114
   59   22  2    0.523  0.995908
   60   22  2    0.426  0.995988
   61   22  2    0.454  0.996039
   62   22  2    0.478  0.996079
   63   22  2    0.405  0.996037
   64   22  2    0.450  0.995933
   65   22  2    0.470  0.995943
   66   22  2    0.412  0.996017
   67   22  2    0.431  0.996009
   68   22  2    0.497  0.995992
   69   22  2    0.533  0.995930
   70   22  2    0.475  0.996019
   71   22  2    0.481  0.995958
   72   22  2    0.550  0.995810
   73   22  2    0.512  0.995866
   74   22  2    0.478  0.995941
   75   22  2    0.475  0.995964
   76   22  2    0.476  0.995848
   77   22  2    0.476  0.995966
   78   22  2    0.481  0.995886
   79   22  2    0.455  0.995981
   80   22  2    0.491  0.995915
   81   22  2    0.530  0.995841
   82   22  2    0.468  0.995972
   83   22  2    0.471  0.996004
   84   22  2    0.490  0.995965
   85   22  2    0.469  0.995955
   86   22  2    0.435  0.995979
   87   22  2    0.472  0.995959
   88   22  2    0.475  0.995869
   89   22  2    0.442  0.995959
   90   22  2    0.453  0.996035
   91   22  2    0.469  0.995930
   92   22  2    0.486  0.995930
   93   22  2    0.411  0.995976
    1   23  2    0.329  0.998924
    2   23  2    0.344  0.998862
    3   23  2    0.309  0.999030
    4   23  2    0.292  0.998968
    5   23  2    0.287  0.999000
    6   23  2    0.216  0.999077
    7   23  2    0.308  0.998911
    8   23  2    0.346  0.998820
    9   23  2    0.278  0.998894
   10   23  2    0.301  0.998939
   11   23  2    0.271  0.998883
   12   23  2    0.292  0.998960
   13   23  2    0.279  0.998960
   14   23  2    0.289  0.998814
   15   23  2    0.300  0.998918
   16   23  2    0.314  0.998836
   17   23  2    0.308  0.998971
   18   23  2    0.342  0.998821
   19   23  2    0.291  0.998935
   20   23  2    0.342  0.998883
   21   23  2    0.262  0.998899
   22   23  2    0.315  0.998886
   23   23  2    0.260  0.999007
   24   23  2    0.274  0.998911
   25   23  2    0.334  0.998807
   26   23  2    0.307  0.998875
   27   23  2    0.226  0.998971
   28   23  2    0.317  0.998815
   29   23  2    0.298  0.998802
   30   23  2    0.378  0.998760
   31   23  2    0.346  0.998716
   32   23  2    0.259  0.998890
   33   23  2    0.352  0.998787
   34   23  2    0.252  0.998866
   35   23  2    0.278  0.998778
   36   23  2    0.317  0.998757
   37   23  2    0.315  0.998713
   38   23  2    0.267  0.998810
   39   23  2    0.336  0.998747
   40   23  2    0.257  0.998855
   41   23  2    0.308  0.998740
   42   23  2    0.349  0.998653
   43   23  2    0.354  0.998675
   44   23  2    0.308  0.998796
   45   23  2    0.339  0.998662
   46   23  2    0.282  0.998753
   47   23  2    0.364  0.998638
   48   23  2    0.304  0.998687
   49   23  2    0.323  0.998734
   50   23  2    0.290  0.998661
   51   23  2    0.263  0.998746
   52   23  2    0.255  0.998699
   53   23  2    0.308  0.998683
   54   23  2    0.305  0.998660
   55   23  2    0.267  0.998634
   56   23  2    0.260  0.998708
   57   23  2    0.355  0.998603
   58   23  2    0.197  0.998849
   59   23  2    0.261  0.998678
   60   23  2    0.215  0.998840
   61   23  2    0.289  0.998834
   62   23  2    0.302  0.998885
   63   23  2    0.299  0.998839
   64   23  2    0.293  0.998928
   65   23  2    0.263  0.998925
   66   23  2    0.340  0.998841
   67   23  2    0.311  0.998906
   68   23  2    0.291  0.998980
   69   23  2    0.359  0.998823
   70   23  2    0.285  0.998989
   71   23  2    0.277  0.998955
   72   23  2    0.239  0.999041
   73   23  2    0.320  0.998911
   74   23  2    0.316  0.999004
   75   23  2    0.317  0.998961
   76   23  2    0.278  0.999104
   77   23  2    0.317  0.999077
   78   23  2    0.280  0.999073
   79   23  2    0.285  0.999066
   80   23  2    0.369  0.998990
   81   23  2    0.283  0.999135
   82   23  2    0.265  0.999098
   83   23  2    0.276  0.999124
   84   23  2    0.298  0.999085
   85   23  2    0.252  0.999166
   86   23  2    0.251  0.999129
   87   23  2    0.299  0.999068
   88   23  2    0.205  0.999189
   89   23  2    0.310  0.999109
   90   23  2    0.309  0.999169
   91   23  2    0.215  0.999287
   92   23  2    0.255  0.999225
   93   23  2    0.269  0.999262
    1   24  2    0.204  0.999200
    2   24  2    0.211  0.999255
    3   24  2    0.218  0.999204
    4   24  2    0.228  0.999150
    5   24  2    0.249  0.999124
    6   24  2    0.215  0.999121
    7   24  2    0.214  0.999121
    8   24  2    0.190  0.999156
    9   24  2    0.217  0.999054
   10   24  2    0.209  0.999184
   11   24  2    0.248  0.999089
   12   24  2    0.235  0.999002
   13   24  2    0.181  0.999085
   14   24  2    0.229  0.999044
   15   24  2    0.238  0.999012
   16   24  2    0.214  0.999045
   17   24  2    0.266  0.998971
   18   24  2    0.219  0.998991
   19   24  2    0.221  0.999110
   20   24  2    0.253  0.999036
   21   24  2    0.260  0.999019
   22   24  2    0.212  0.999050
   23   24  2    0.223  0.999019
   24   24  2    0.262  0.998966
   25   24  2    0.215  0.999045
   26   24  2    0.245  0.998994
   27   24  2    0.200  0.999040
   28   24  2    0.243  0.998941
   29   24  2    0.272  0.998896
   30   24  2    0.245  0.998895
   31   24  2    0.213  0.999063
   32   24  2    0.177  0.999014
   33   24  2    0.194  0.999057
   34   24  2    0.230  0.998919
   35   24  2    0.185  0.999084
   36   24  2    0.212  0.998996
   37   24  2    0.282  0.998843
   38   24  2    0.259  0.998850
   39   24  2    0.231  0.998929
   40   24  2    0.186  0.998993
   41   24  2    0.255  0.998929
   42   24  2    0.233  0.998951
   43   24  2    0.265  0.998847
   44   24  2    0.237  0.998922
   45   24  2    0.253  0.998871
   46   24  2    0.265  0.998890
   47   24  2    0.243  0.998885
   48   24  2    0.224  0.998946
   49   24  2    0.216  0.998917
   50   24  2    0.158  0.998973
   51   24  2    0.228  0.998790
   52   24  2    0.254  0.998875
   53   24  2    0.204  0.998889
   54   24  2    0.232  0.998801
   55   24  2    0.157  0.999016
   56   24  2    0.162  0.998923
   57   24  2    0.209  0.998854
   58   24  2    0.219  0.998824
   59   24  2    0.203  0.998866
   60   24  2    0.198  0.998969
   61   24  2    0.209  0.998971
   62   24  2    0.227  0.999033
   63   24  2    0.203  0.998988
   64   24  2    0.196  0.999033
   65   24  2    0.219  0.999044
   66   24  2    0.239  0.998973
   67   24  2    0.192  0.999073
   68   24  2    0.274  0.998958
   69   24  2    0.268  0.998996
   70   24  2    0.265  0.999022
   71   24  2    0.228  0.999141
   72   24  2    0.257  0.999050
   73   24  2    0.169  0.999152
   74   24  2    0.198  0.999204
   75   24  2    0.220  0.999125
   76   24  2    0.245  0.999111
   77   24  2    0.209  0.999166
   78   24  2    0.242  0.999117
   79   24  2    0.210  0.999143
   80   24  2    0.230  0.999171
   81   24  2    0.265  0.999071
   82   24  2    0.239  0.999186
   83   24  2    0.230  0.999188
   84   24  2    0.264  0.999077
   85   24  2    0.238  0.999198
   86   24  2    0.190  0.999237
   87   24  2    0.207  0.999199
   88   24  2    0.210  0.999126
   89   24  2    0.197  0.999254
   90   24  2    0.215  0.999274
   91   24  2    0.200  0.999300
   92   24  2    0.214  0.999267
   93   24  2    0.226  0.999284
